% Intrinsic and Extrinsic Camera Parameters
%
% This script file can be directly excecuted under Matlab to recover the camera intrinsic and extrinsic parameters.
% IMPORTANT: This file contains neither the structure of the calibration objects nor the image coordinates of the calibration points.
%            All those complementary variables are saved in the complete matlab data file Calib_Results.mat.
% For more information regarding the calibration model visit http://www.vision.caltech.edu/bouguetj/calib_doc/


%-- Focal length:
fc = [ 3163.892966675743537 ; 3166.456626732878249 ];

%-- Principal point:
cc = [ 667.146358588905628 ; 261.069807746414938 ];

%-- Skew coefficient:
alpha_c = 0.000000000000000;

%-- Distortion coefficients:
kc = [ -0.720904331234116 ; 1.294728394813519 ; 0.013677122953863 ; -0.008919175114621 ; 0.000000000000000 ];

%-- Focal length uncertainty:
fc_error = [ 147.733246603735950 ; 150.269295665991564 ];

%-- Principal point uncertainty:
cc_error = [ 208.809988474966616 ; 155.911929668721029 ];

%-- Skew coefficient uncertainty:
alpha_c_error = 0.000000000000000;

%-- Distortion coefficients uncertainty:
kc_error = [ 0.165486280887695 ; 1.974015123805049 ; 0.017646073208841 ; 0.023425458847848 ; 0.000000000000000 ];

%-- Image size:
nx = 1280;
ny = 720;


%-- Various other variables (may be ignored if you do not use the Matlab Calibration Toolbox):
%-- Those variables are used to control which intrinsic parameters should be optimized

n_ima = 81;						% Number of calibration images
est_fc = [ 1 ; 1 ];					% Estimation indicator of the two focal variables
est_aspect_ratio = 1;				% Estimation indicator of the aspect ratio fc(2)/fc(1)
center_optim = 1;					% Estimation indicator of the principal point
est_alpha = 0;						% Estimation indicator of the skew coefficient
est_dist = [ 1 ; 1 ; 1 ; 1 ; 0 ];	% Estimation indicator of the distortion coefficients


%-- Extrinsic parameters:
%-- The rotation (omc_kk) and the translation (Tc_kk) vectors for every calibration image and their uncertainties

%-- Image #1:
omc_1 = [ 2.810119e+00 ; 1.058485e+00 ; 2.754943e-01 ];
Tc_1  = [ -3.149431e+03 ; 1.598985e+03 ; 2.087103e+04 ];
omc_error_1 = [ 6.581492e-02 ; 2.429479e-02 ; 1.115879e-01 ];
Tc_error_1  = [ 1.379738e+03 ; 1.032326e+03 ; 1.052236e+03 ];

%-- Image #2:
omc_2 = [ NaN ; NaN ; NaN ];
Tc_2  = [ NaN ; NaN ; NaN ];
omc_error_2 = [ NaN ; NaN ; NaN ];
Tc_error_2  = [ NaN ; NaN ; NaN ];

%-- Image #3:
omc_3 = [ NaN ; NaN ; NaN ];
Tc_3  = [ NaN ; NaN ; NaN ];
omc_error_3 = [ NaN ; NaN ; NaN ];
Tc_error_3  = [ NaN ; NaN ; NaN ];

%-- Image #4:
omc_4 = [ NaN ; NaN ; NaN ];
Tc_4  = [ NaN ; NaN ; NaN ];
omc_error_4 = [ NaN ; NaN ; NaN ];
Tc_error_4  = [ NaN ; NaN ; NaN ];

%-- Image #5:
omc_5 = [ NaN ; NaN ; NaN ];
Tc_5  = [ NaN ; NaN ; NaN ];
omc_error_5 = [ NaN ; NaN ; NaN ];
Tc_error_5  = [ NaN ; NaN ; NaN ];

%-- Image #6:
omc_6 = [ 2.150445e+00 ; 2.203159e+00 ; 1.718215e-01 ];
Tc_6  = [ -3.335780e+03 ; 7.904894e+02 ; 2.077045e+04 ];
omc_error_6 = [ 4.897502e-02 ; 4.899995e-02 ; 1.001882e-01 ];
Tc_error_6  = [ 1.368698e+03 ; 1.027491e+03 ; 1.051202e+03 ];

%-- Image #7:
omc_7 = [ NaN ; NaN ; NaN ];
Tc_7  = [ NaN ; NaN ; NaN ];
omc_error_7 = [ NaN ; NaN ; NaN ];
Tc_error_7  = [ NaN ; NaN ; NaN ];

%-- Image #8:
omc_8 = [ NaN ; NaN ; NaN ];
Tc_8  = [ NaN ; NaN ; NaN ];
omc_error_8 = [ NaN ; NaN ; NaN ];
Tc_error_8  = [ NaN ; NaN ; NaN ];

%-- Image #9:
omc_9 = [ NaN ; NaN ; NaN ];
Tc_9  = [ NaN ; NaN ; NaN ];
omc_error_9 = [ NaN ; NaN ; NaN ];
Tc_error_9  = [ NaN ; NaN ; NaN ];

%-- Image #10:
omc_10 = [ NaN ; NaN ; NaN ];
Tc_10  = [ NaN ; NaN ; NaN ];
omc_error_10 = [ NaN ; NaN ; NaN ];
Tc_error_10  = [ NaN ; NaN ; NaN ];

%-- Image #11:
omc_11 = [ -1.995631e+00 ; -1.863622e+00 ; 7.241481e-01 ];
Tc_11  = [ -2.206172e+03 ; 2.443019e+02 ; 1.626527e+04 ];
omc_error_11 = [ 6.189257e-02 ; 3.838542e-02 ; 7.444406e-02 ];
Tc_error_11  = [ 1.074906e+03 ; 8.035471e+02 ; 7.888516e+02 ];

%-- Image #12:
omc_12 = [ NaN ; NaN ; NaN ];
Tc_12  = [ NaN ; NaN ; NaN ];
omc_error_12 = [ NaN ; NaN ; NaN ];
Tc_error_12  = [ NaN ; NaN ; NaN ];

%-- Image #13:
omc_13 = [ NaN ; NaN ; NaN ];
Tc_13  = [ NaN ; NaN ; NaN ];
omc_error_13 = [ NaN ; NaN ; NaN ];
Tc_error_13  = [ NaN ; NaN ; NaN ];

%-- Image #14:
omc_14 = [ NaN ; NaN ; NaN ];
Tc_14  = [ NaN ; NaN ; NaN ];
omc_error_14 = [ NaN ; NaN ; NaN ];
Tc_error_14  = [ NaN ; NaN ; NaN ];

%-- Image #15:
omc_15 = [ NaN ; NaN ; NaN ];
Tc_15  = [ NaN ; NaN ; NaN ];
omc_error_15 = [ NaN ; NaN ; NaN ];
Tc_error_15  = [ NaN ; NaN ; NaN ];

%-- Image #16:
omc_16 = [ 2.190522e+00 ; 1.908248e+00 ; -3.854695e-01 ];
Tc_16  = [ 1.483321e+02 ; 3.773255e+02 ; 1.847924e+04 ];
omc_error_16 = [ 3.916205e-02 ; 4.626611e-02 ; 9.818147e-02 ];
Tc_error_16  = [ 1.219022e+03 ; 9.101831e+02 ; 8.516745e+02 ];

%-- Image #17:
omc_17 = [ NaN ; NaN ; NaN ];
Tc_17  = [ NaN ; NaN ; NaN ];
omc_error_17 = [ NaN ; NaN ; NaN ];
Tc_error_17  = [ NaN ; NaN ; NaN ];

%-- Image #18:
omc_18 = [ NaN ; NaN ; NaN ];
Tc_18  = [ NaN ; NaN ; NaN ];
omc_error_18 = [ NaN ; NaN ; NaN ];
Tc_error_18  = [ NaN ; NaN ; NaN ];

%-- Image #19:
omc_19 = [ NaN ; NaN ; NaN ];
Tc_19  = [ NaN ; NaN ; NaN ];
omc_error_19 = [ NaN ; NaN ; NaN ];
Tc_error_19  = [ NaN ; NaN ; NaN ];

%-- Image #20:
omc_20 = [ NaN ; NaN ; NaN ];
Tc_20  = [ NaN ; NaN ; NaN ];
omc_error_20 = [ NaN ; NaN ; NaN ];
Tc_error_20  = [ NaN ; NaN ; NaN ];

%-- Image #21:
omc_21 = [ 2.514821e+00 ; 1.668514e+00 ; 3.777821e-01 ];
Tc_21  = [ -2.385161e+03 ; 2.782865e+02 ; 1.665336e+04 ];
omc_error_21 = [ 5.659344e-02 ; 3.147759e-02 ; 7.235726e-02 ];
Tc_error_21  = [ 1.102768e+03 ; 8.231078e+02 ; 8.248689e+02 ];

%-- Image #22:
omc_22 = [ NaN ; NaN ; NaN ];
Tc_22  = [ NaN ; NaN ; NaN ];
omc_error_22 = [ NaN ; NaN ; NaN ];
Tc_error_22  = [ NaN ; NaN ; NaN ];

%-- Image #23:
omc_23 = [ NaN ; NaN ; NaN ];
Tc_23  = [ NaN ; NaN ; NaN ];
omc_error_23 = [ NaN ; NaN ; NaN ];
Tc_error_23  = [ NaN ; NaN ; NaN ];

%-- Image #24:
omc_24 = [ NaN ; NaN ; NaN ];
Tc_24  = [ NaN ; NaN ; NaN ];
omc_error_24 = [ NaN ; NaN ; NaN ];
Tc_error_24  = [ NaN ; NaN ; NaN ];

%-- Image #25:
omc_25 = [ NaN ; NaN ; NaN ];
Tc_25  = [ NaN ; NaN ; NaN ];
omc_error_25 = [ NaN ; NaN ; NaN ];
Tc_error_25  = [ NaN ; NaN ; NaN ];

%-- Image #26:
omc_26 = [ 2.393936e+00 ; 1.455824e+00 ; 5.965120e-02 ];
Tc_26  = [ -1.573187e+03 ; 4.943029e+02 ; 2.033122e+04 ];
omc_error_26 = [ 5.433048e-02 ; 3.922698e-02 ; 9.098676e-02 ];
Tc_error_26  = [ 1.338394e+03 ; 1.001020e+03 ; 9.792847e+02 ];

%-- Image #27:
omc_27 = [ NaN ; NaN ; NaN ];
Tc_27  = [ NaN ; NaN ; NaN ];
omc_error_27 = [ NaN ; NaN ; NaN ];
Tc_error_27  = [ NaN ; NaN ; NaN ];

%-- Image #28:
omc_28 = [ NaN ; NaN ; NaN ];
Tc_28  = [ NaN ; NaN ; NaN ];
omc_error_28 = [ NaN ; NaN ; NaN ];
Tc_error_28  = [ NaN ; NaN ; NaN ];

%-- Image #29:
omc_29 = [ NaN ; NaN ; NaN ];
Tc_29  = [ NaN ; NaN ; NaN ];
omc_error_29 = [ NaN ; NaN ; NaN ];
Tc_error_29  = [ NaN ; NaN ; NaN ];

%-- Image #30:
omc_30 = [ NaN ; NaN ; NaN ];
Tc_30  = [ NaN ; NaN ; NaN ];
omc_error_30 = [ NaN ; NaN ; NaN ];
Tc_error_30  = [ NaN ; NaN ; NaN ];

%-- Image #31:
omc_31 = [ 2.514702e+00 ; 1.313332e+00 ; -3.115286e-01 ];
Tc_31  = [ -1.817104e+03 ; -4.243905e+02 ; 1.665136e+04 ];
omc_error_31 = [ 4.678687e-02 ; 4.175641e-02 ; 1.003203e-01 ];
Tc_error_31  = [ 1.101404e+03 ; 8.218418e+02 ; 8.007532e+02 ];

%-- Image #32:
omc_32 = [ NaN ; NaN ; NaN ];
Tc_32  = [ NaN ; NaN ; NaN ];
omc_error_32 = [ NaN ; NaN ; NaN ];
Tc_error_32  = [ NaN ; NaN ; NaN ];

%-- Image #33:
omc_33 = [ NaN ; NaN ; NaN ];
Tc_33  = [ NaN ; NaN ; NaN ];
omc_error_33 = [ NaN ; NaN ; NaN ];
Tc_error_33  = [ NaN ; NaN ; NaN ];

%-- Image #34:
omc_34 = [ NaN ; NaN ; NaN ];
Tc_34  = [ NaN ; NaN ; NaN ];
omc_error_34 = [ NaN ; NaN ; NaN ];
Tc_error_34  = [ NaN ; NaN ; NaN ];

%-- Image #35:
omc_35 = [ NaN ; NaN ; NaN ];
Tc_35  = [ NaN ; NaN ; NaN ];
omc_error_35 = [ NaN ; NaN ; NaN ];
Tc_error_35  = [ NaN ; NaN ; NaN ];

%-- Image #36:
