%YAML:1.0
R: !!opencv-matrix
   rows: 3
   cols: 3
   dt: d
   data: [ 9.9917046710061752e-01, 3.4900782793586371e-03,
       -4.0573353663922590e-02, -3.7138901843026483e-03,
       9.9997829469718735e-01, -5.4421644778567266e-03,
       4.0553479426958319e-02, 5.5883350032951843e-03,
       9.9916174157053173e-01 ]
T: !!opencv-matrix
   rows: 3
   cols: 1
   dt: d
   data: [ -3.2052206817203904e-01, 2.6673787031407819e-03,
       -1.1158108116407028e-03 ]
R1: !!opencv-matrix
   rows: 3
   cols: 3
   dt: d
   data: [ 9.9930189205108111e-01, -4.8120724706053660e-03,
       -3.7048245594995879e-02, 4.7068293631307720e-03,
       9.9998463792333003e-01, -2.9274006717235233e-03,
       3.7061763321189399e-02, 2.7509772598259142e-03,
       9.9930919030280130e-01 ]
R2: !!opencv-matrix
   rows: 3
   cols: 3
   dt: d
   data: [ 9.9995931531675486e-01, -8.3216428650142067e-03,
       3.4810876567526079e-03, 8.3117240206000767e-03,
       9.9996138370253318e-01, 2.8541807091733429e-03,
       -3.5047047025701036e-03, -2.8251307478408222e-03,
       9.9998986778927190e-01 ]
P1: !!opencv-matrix
   rows: 3
   cols: 4
   dt: d
   data: [ 1.8967958762800554e+03, 0., 6.5617488098144531e+02, 0., 0.,
       1.8967958762800554e+03, 3.5424084854125977e+02, 0., 0., 0., 1.,
       0. ]
P2: !!opencv-matrix
   rows: 3
   cols: 4
   dt: d
   data: [ 1.8967958762800554e+03, 0., 6.5617488098144531e+02,
       -6.0798967303274208e+02, 0., 1.8967958762800554e+03,
       3.5424084854125977e+02, 0., 0., 0., 1., 0. ]
Q: !!opencv-matrix
   rows: 4
   cols: 4
   dt: d
   data: [ 1., 0., 0., -6.5617488098144531e+02, 0., 1., 0.,
       -3.5424084854125977e+02, 0., 0., 0., 1.8967958762800554e+03, 0.,
       0., 3.1197830496339813e+00, 0. ]
