%YAML:1.0
M1: !!opencv-matrix
   rows: 3
   cols: 3
   dt: d
   data: [ 2.1932993871157610e+03, 0., 6.2133583540344614e+02, 0.,
       2.1932993871157610e+03, 3.5373851881318120e+02, 0., 0., 1. ]
D1: !!opencv-matrix
   rows: 1
   cols: 8
   dt: d
   data: [ -5.3832690460545041e-01, 3.9569632804262156e-01, 0., 0., 0.,
       0., 0., -1.8720399931203635e-01 ]
M2: !!opencv-matrix
   rows: 3
   cols: 3
   dt: d
   data: [ 2.1932993871157610e+03, 0., 6.2000589379582436e+02, 0.,
       2.1932993871157610e+03, 3.5521452691565173e+02, 0., 0., 1. ]
D2: !!opencv-matrix
   rows: 1
   cols: 8
   dt: d
   data: [ -5.7953514332440514e-01, 1.4606490923231650e+00, 0., 0., 0.,
       0., 0., 8.2314463155749547e+00 ]
